"V1" "V2" "V3" "V4" "V5" "V6" "V7" "V8" "V9" "V10" "V11" "V12" "V13" "V14" "V15" "V16" "V17" "V18" "V19" "V20" "V21" "V22" "V23" "V24" "V25" "V26" "V27" "V28" "V29" "V30" "V31" "V32" "V33" "V34" "V35" "V36" "V37" "V38" "V39" "V40" "V41" "V42" "V43" "V44" "V45" "V46" "V47" "V48" "V49" "V50" "V51" "V52" "V53" "V54" "V55" "V56" "V57" "V58" "V59" "V60" "V61" "V62" "V63" "V64" "V65" "V66" "V67" "V68"
"1" 0.661731879076006 -0.0135085553010409 -0.0117173211177902 -0.0179437363061838 0.00474153132140834 -0.0121318798959779 -0.00963660634596088 0.0104713014730809 -0.0145366434918237 -0.00163425583826627 0.0223523002677146 -0.0159433412817399 0.00428542877409073 -0.0160026426349526 -0.00921053275424506 -0.00364618754073789 0.0007243397421045 -0.00154174140373506 -0.00335664940611924 0.0100266101349184 0.0310167053342435 -0.014095192298525 -0.0145205837981081 -0.0123423776863768 -0.0192641639058558 -0.00478427577520098 -0.00728239459946968 -0.0239000342130961 -0.0162885466225682 -0.0114084888107248 -0.0217712709353226 -0.0320606237866978 0.0104435363812097 -0.00539419312094502 -0.0191774971927854 -0.00349745076944969 -0.0263749435699851 -0.0155201939087575 -0.0217232409437051 -0.0206030074786202 -0.00283912346309803 -0.00564709434039928 -0.0117755098909741 -0.0181033860878054 -0.0127838123584207 0.0217734876986234 -0.0119151248255942 -0.00862591674635683 -0.0118304920968776 -0.00901171320728404 -0.0112922495443776 -0.0186695972725959 -0.00306407350443135 -0.0109005601668178 -0.0122967064444528 -0.0189392356413356 -0.0137944245526609 -0.0276386218548282 0.00466223557980641 -0.0206348719886724 -0.0219522167121448 -0.0127424368039085 -0.0175577932713869 -0.00838272231368229 -0.00159890145387663 -0.0122771986061632 -0.011046860451019 -0.0198455420266026
"2" -0.0135085553010409 0.556941889939043 0.0546826546861238 -0.00793786816923005 -0.0181671499294617 -0.00341290611687418 0.0150913777244615 -0.00650761199094317 -0.0176685003565525 -0.00134812306094728 -0.0200094596094055 -0.0257142048127968 -0.0327788014772025 -0.0040996540007865 -0.0140266694446538 -0.012252716940128 -0.0190715740328826 -0.020308715577326 -0.0129876813909471 0.000765820666328585 -0.0144828044552508 -0.000595709925219716 -0.00798505541229809 -0.0120376218219609 -0.0160252298738975 0.0144195273816232 -0.0244042780465179 -0.0221178594915912 0.000650774618843661 -0.03162854660054 -0.0171286536267166 0.0137529412178413 0.00804155813820495 -0.0031481694799023 -0.00230826621641094 -0.0170750585508918 -0.00287379876092642 -0.00599821900155496 0.00524954115616808 -0.00972731747296514 -0.00485521301082151 -0.0117025421482868 -0.00804837496264449 -0.0205854593908031 -0.0144301324979604 -0.0084149494328609 -0.0272035122742396 -0.0250684854835886 -0.0236180283354122 -0.0109947570679563 -0.0223441145144248 -0.0170294401059521 -0.0148094951012882 0.0595269145765909 -0.00954551412919708 -0.0126595863992703 -0.0101017398761637 -0.0217595217105672 -0.000890934001795999 -0.0116850460229911 -0.0242553247698539 -0.0241414328515167 -0.00623059181992629 -0.00818201545229178 -0.00681863646612654 -0.0210168252955129 -0.0079023302449336 0.0458447225190244
"3" -0.0117173211177902 0.0546826546861238 0.517540047194647 -0.0368995110488447 -0.0146256061121031 -0.0138471686904964 0.0275004045490381 -0.00648882840429505 -0.0242953666141518 0.00614657397013208 -0.0123635195931826 0.00137555512075491 -0.029901919192044 -0.0218862098524428 -0.0130861777926483 -0.0244738129305179 -0.0135741749600823 -0.0118133735907762 -0.0121175845480896 -0.0144145040381264 -0.00128898023383754 -0.0142445530714002 -0.0301026708434675 -0.0234428526922192 -0.037441468286422 0.105611628247855 -0.0233674281519776 -0.0356840950744283 -0.0346455944649433 -0.0259554629498953 -0.0300193854457648 -0.0324901145488599 -0.0213808684002351 -0.0127029990162345 -0.0146834340573978 -0.0126097525425573 -0.0295468007777198 -0.0183457639283804 0.00527887438412121 -0.0408491995411473 -0.0091163062612381 -0.0250736791485028 -0.0256239367742201 -0.0247959646303748 -0.0285958353528938 -0.0125427944009566 -0.0199392748301105 -0.0310184534573407 -0.0154010077414544 -0.0304312080525844 -0.0282579247319899 -0.0324689481979957 -0.00729290396517624 0.379530852009538 -0.0315088755552807 -0.0259045777184551 -0.0207147025523819 0.0753530035165294 0.00659796693664946 -0.0228242470279548 -0.0265147286095747 -0.0219044833487939 -0.0156712066946934 -0.0219152665831067 -0.0193908045463162 -0.031680552755092 -0.0181336076490311 0.0694716271331554
"4" -0.0179437363061838 -0.00793786816923005 -0.0368995110488447 0.470068706019252 0.104188248441386 -0.0359490353194446 -0.00324823943754341 -0.0133161398041805 0.00555701646022644 -0.021818118545142 0.0143145111707531 -0.0158631484109158 -0.0201162939361049 -0.0116420672043612 0.00384304910379603 0.154765076099683 -0.0308203960265584 -0.0300612091202061 0.000378030071694467 -0.00337362240201245 -0.0289956439399322 -0.0145238233857471 -0.0129106418609554 -0.0171830212870698 0.24413734383117 -0.017967719645187 -0.0331518870147518 -0.0185311825015838 -0.0157160316122311 -0.0296893985696303 -0.00962012294910746 -0.0125505044336895 -0.00414868978883305 -0.0137496143924119 -0.0180773455740778 -0.0290663139514323 -0.00336698986077544 -0.021504297492526 -0.0272572843948375 0.00158874513130339 -0.0107801926252783 0.00261196939397238 -0.00245799916704817 0.0717069064898379 -0.0200409350525774 -0.0286907720745366 -0.0204993493838557 -0.028376403187029 -0.0141564207276145 -0.0282101016539136 -0.020539604854649 0.0094513287309225 -0.0156322150893412 -0.0379206869366356 -0.0160780867750037 -0.00880987745001656 -0.0349560184489184 -0.0153491176432074 -0.0072812704039556 0.00440318738669643 -0.0414145309535933 -0.0174390462308278 -0.0143859382009998 -0.0210156865016575 -0.0305997453067769 -0.0254089999322602 -0.0293495987919479 -0.023489273041961
"5" 0.00474153132140834 -0.0181671499294617 -0.0146256061121031 0.104188248441386 0.504116075360402 -0.00713508604538265 -0.0164468841503893 9.29428295138246e-05 0.00658797652495278 -0.0159175293949391 -0.00152078663500122 -0.00907975503257045 -0.0142548386029328 -0.00273264729390776 -0.0120557188048502 0.0931576768223917 0.0172682234332738 0.0192904350028796 0.0107971783040877 -0.0183429714302078 -0.0074975968737867 -0.0166924145003319 -0.0176238284551883 -0.0232976892324798 0.119437101134842 -0.0118095541495179 -0.0245120549645277 -0.00253400861614342 -0.021350657857629 -0.0311373096727572 -0.0166413207730901 -0.0295192405045128 -0.0202155197417612 -0.013005402219215 -0.0171413810780568 -0.0299808770029562 -0.0183631083672539 -0.0190895708516742 -0.0264111612907152 -0.0183400504672073 -0.00752494306481977 -0.0129876188925781 -0.00550304290092966 0.0435930338850652 -0.0124753412833446 -0.0234812689729804 -0.00704812330307382 -0.0175136445310687 -0.00538718043999864 -0.0262211036709614 -0.0167142589063358 -0.00320340276501221 0.00164094178587976 -0.0145435828128558 -0.0239125708284996 -0.0238744089829975 -0.00836552474780059 -0.0116761492772464 -0.0127482685385406 0.00292632128045101 -0.0116702288146267 -0.0258146182165149 -0.0147053937277746 -0.024430736425668 -0.0250128074786635 -0.0213814443182918 -0.0294036978936237 -0.0280480568321916
"6" -0.0121318798959779 -0.00341290611687418 -0.0138471686904964 -0.0359490353194446 -0.00713508604538265 0.560654608812148 0.0225999569215979 0.0080557066782363 -0.0144381258570046 -0.0222042500257046 -0.010951098246872 -0.0245669890473116 -0.0116507454529313 0.0856660364413129 0.0333194494637014 0.00105504584275882 -0.0244807387492977 -0.0237013179532663 0.0290658534772061 -0.00212572322530676 0.00584949479033034 -0.0350403303681546 0.00165084174058128 -0.0348540056986824 -0.0203902733017824 0.00201078125169657 -0.0357136686759575 -0.0157430807653606 -0.0180864177316175 -0.0399475609200625 -0.0186397263790627 -0.0292705044659969 -0.0182551861078135 0.00445198492076472 -0.0190509573611375 -0.0188083984887657 0.0706977655826214 -0.00606105429574185 0.00441002302478413 -0.00528289849313329 -0.0106727180047822 0.00962463078060825 -0.00291213967528816 -0.00098975359074724 -0.019342184954888 -0.0304984123867159 -0.0336930682198795 -0.03594673020627 -0.0108882309802779 -0.0151633039849542 -0.0166595723836339 -0.0284547063286438 0.0122851507959937 -0.0141261764900024 -0.000985416579453529 -0.0405512191635861 0.0209175667790364 0.0279544087199574 -0.0227165556876094 -0.00611037905507941 -0.0228857281484671 -0.020038681552657 -0.00587039193214797 -0.00807047676081039 -0.013289184519518 -0.0330202411990764 0.00517194769082542 0.0117178996430308
"7" -0.00963660634596088 0.0150913777244615 0.0275004045490381 -0.00324823943754341 -0.0164468841503893 0.0225999569215979 0.524137527645694 -0.0082932099210641 -0.0162298840178139 -0.0112466380941269 -0.0166550569722078 -0.00522851499836731 0.000675593003599198 -0.0164305453205283 0.0372619574385233 -0.00145141764865922 -0.0268380011405007 -0.0265067633584186 0.00159097705702196 0.0184763793804219 -0.0122003608059324 -0.00834493209684357 -0.0213012681261318 -0.0247280960809171 -0.00304463282456249 -0.00622729731635611 -0.0350367453834499 -0.0201363395316585 -0.00897101319185397 -0.0324112504876682 -0.0268314428016925 -0.0212922679413755 -0.000417239208004543 -0.00771074667238993 -0.0158108290052161 -0.0116079888501472 -0.00226741264679847 -0.00231584325637854 0.0440628174116846 -0.0199763323020369 -0.0153611471495501 0.0566658976907724 0.00498350087578203 -0.00324154129597288 -0.0188758409806157 -0.0110901708808026 -0.0305458593286637 -0.0345065444917482 -0.0153959871358282 -0.0163859661409229 -0.00680649368152373 -0.0199050055320828 -0.0106900642554157 0.03313501274074 -0.00667017381570411 -0.0392380158619483 -0.0166543147485517 -0.00915337513002496 -0.0155763435828716 -0.0235604163574803 -0.030885733131754 -0.0294003518750309 -0.0211763248365547 -0.0159251236644948 -0.00156351172649159 -0.0285187273485774 -0.00628975974780624 0.0327891893256321
"8" 0.0104713014730809 -0.00650761199094317 -0.00648882840429505 -0.0133161398041805 9.29428295138246e-05 0.0080557066782363 -0.0082932099210641 0.566632157636588 -0.0135445053440948 -0.0163994729597384 0.00996722077866296 -0.028979610396455 -0.0309582286603566 0.024444284118235 0.0170829897373448 0.013061313921236 -0.00333640496932441 -0.000291077885601508 0.0521098474764916 0.0218632945281025 0.0112005502767681 -0.0301801074130853 -0.00227802764139117 -0.0299555894794321 -0.0196461024097235 -0.00556385348147695 -0.017596822161195 -0.00117421402728129 -0.0172714063438798 -0.0148406703240408 -0.0101320778694331 -0.0344485992228085 -0.00155671104501742 0.0310855578747142 -0.0191899587183896 -0.029649259163065 -0.00846951029598821 0.0140147233336061 -0.00537576046262274 -0.00145320102811434 -0.0113227936297816 -0.0132693982049727 0.0103287835122704 -0.0118382673592475 -0.0136855414842945 -0.0195590992132579 -0.0368578425370353 -0.00372683620734784 -0.0301757787291981 -0.00658783362746814 -0.0113286589932356 -0.0147911574834506 -0.00830019635507832 -0.00662856468034236 -0.00769484473349527 -0.0411117049824094 -0.0217619467785577 -0.0309559388366376 -0.0103967183643425 -0.0220458060890689 -0.0271447561032112 -0.0160819123815065 -0.0140090662543754 -0.0202358202571479 -0.0060383420385025 -0.0138063715159231 0.00992789123674553 -0.00224723899531407
"9" -0.0145366434918237 -0.0176685003565525 -0.0242953666141518 0.00555701646022644 0.00658797652495278 -0.0144381258570046 -0.0162298840178139 -0.0135445053440948 0.322294078213043 -0.0127682192554857 -0.0173985288251104 0.00668019104893756 -0.0166995774309256 -0.00889139241773985 -0.00865751288834178 0.00238727074587053 -0.0130023649017217 -0.0144898287794648 -0.0155049561063203 -0.0182841328985595 -0.0140892676871582 -0.0173895007244645 -0.00328793476699672 -0.0182395447939109 0.0148195483080586 -0.0140179352490807 -0.0211593241246575 -0.00566107698896307 -0.0027685537165002 -0.0228167789842931 -0.00731667646860911 -0.0184119266715313 -0.00707087685053235 -0.0205803300374985 0.000822054911649494 -0.0238561195113975 -0.0149040048368302 -0.0054965169826997 -0.0145662597865863 -0.0217125223137149 -0.0233709491400381 -0.0252507141602134 -0.00429268181523957 0.0862292105219399 -0.00495818378109961 -0.0187064145814934 0.0607518853069872 0.0284823660082235 0.113479902919317 -0.00921971589722445 -0.0074591396500161 0.0595011571060396 -0.0191906483875416 -0.0268550981525926 -0.00912266561701502 -0.0206909262368204 -0.00462270104154336 -0.0213931230535838 -0.0180628606361426 0.112006469767293 -0.0190811824763599 -0.0104857586118019 -0.0141024058901476 -0.016427937016368 -0.0134090804445064 -0.0207405435421998 -0.00544118880321996 -0.0181138465889931
"10" -0.00163425583826627 -0.00134812306094728 0.00614657397013208 -0.021818118545142 -0.0159175293949391 -0.0222042500257046 -0.0112466380941269 -0.0163994729597384 -0.0127682192554857 0.547424616972138 0.00800239850344804 -0.0209106509963334 0.108989054511654 -0.0133817261704749 -0.0306982865985518 -0.00885474425701819 -0.0196165294388049 -0.0199132426637309 -0.0113327907354659 -0.00902538161495083 -0.00324493585162329 -0.0312390819836769 -0.021551222326727 -0.0247987635518384 -0.0205469562484498 0.00340566950895956 -0.0322376108153996 -0.0287080236531471 -0.00779982042955471 -0.0321364308884182 -0.0143446809104838 -0.0335286538126231 -0.0164803550645943 -0.0151584355519875 -0.0233100277783377 -0.0112600839786703 -0.0407623514278868 -0.0142893370780424 -0.0191321075370403 -0.0114996720682083 -0.00539655193330904 -0.0252424226472603 -0.0346627534574051 -0.0175222198310011 -0.0274220601794435 0.0786412807497065 -0.0111108130732021 -0.0159934400738446 -0.0183632133271985 -0.0389573500151667 -0.0386176016345409 -0.0281142355443061 -0.0103772249211268 0.0084799482495448 -0.00521758164860919 -0.0121276513738444 -0.00121757129452927 -0.0199627534542606 0.18242063991466 -0.0190998014317542 -0.0304370227119936 -0.0357551626351906 -0.0140319057730839 0.0435489272233928 -0.000876802808273041 0.0734218761736826 0.00401696383278327 -0.0044242772327293
"11" 0.0223523002677146 -0.0200094596094055 -0.0123635195931826 0.0143145111707531 -0.00152078663500122 -0.010951098246872 -0.0166550569722078 0.00996722077866296 -0.0173985288251104 0.00800239850344804 0.587116435377211 0.0420349278416087 0.00617516878012772 -0.0108359831127749 -0.0140394541468973 0.00247170263998525 -0.0279800428899202 -0.027298423257499 -0.00325280846250285 0.00679822620580068 0.0234168632702949 -0.0167876985443207 -0.0254122197799238 -0.0216436728655633 0.00260382184031719 -0.00265805561157052 -0.011104090963789 -0.0438252823236831 -0.0185714696962088 -0.00642381697922247 -0.0263440681975273 -0.0329390437398217 -0.010710094650847 -0.010833405551896 -0.0216816344999899 -0.0161878869130965 0.0030144106655729 -0.0279076955728908 -0.0239865680649703 0.0048912327882336 -0.000844764709318375 0.00339300124929597 -0.0177795330839266 -0.0140953518659039 -0.0300915002863223 0.0237300221945218 0.00812463196919065 0.0337235267471505 -0.0244627937182952 -0.0191790655344412 -0.0330343618215988 0.00266771603653565 0.00283424413086898 -0.0123807197451213 -0.00775841956469209 -0.0253057753701492 -0.0135776288857048 -0.0106907878894458 0.00678679627985776 -0.0138874281194303 -0.0210448683365483 -0.0235696281781186 -0.0110438966670675 0.0183597012283835 -0.0186832321172523 -0.0210824347716944 -0.0209677282529416 -0.00959942520468429
"12" -0.0159433412817399 -0.0257142048127968 0.00137555512075491 -0.0158631484109158 -0.00907975503257045 -0.0245669890473116 -0.00522851499836731 -0.028979610396455 0.00668019104893756 -0.0209106509963334 0.0420349278416087 0.673427085595378 -0.0109999280961796 -0.0299918811668998 -0.0254201354861253 -0.0197414917981234 -0.0271559122257025 -0.0276848436227046 -0.0158142102950306 -0.0227473917024921 -0.0196792610582903 -0.0116362699396797 -0.0269034532721716 -0.0184724744568491 -0.0156864370786415 -0.0100114645845647 -0.02581677474379 -0.0409745005080777 -0.032796444176723 -0.0185865240145258 -0.0243017222758007 -0.038150208917651 -0.0192733371585745 -0.0321223122469733 -0.0391166696963572 -0.0263946802579127 -0.0253993061382598 -0.0162741083522551 -0.0205794256406534 0.00136379257295894 0.0107165163710393 -0.00499461037199904 -0.0174961324267449 -0.0128760467197613 -0.038391267814133 -0.0153206173618441 0.144151411654246 0.146558808790855 0.0498515419355246 -0.0267431410126794 -0.0422127945832505 0.0977626332226626 -0.00410484934570227 -0.000221144162959482 -0.00550919266005671 -0.0205540532113492 -0.0161201781067592 0.0231795691644007 -0.0112761122628646 -0.0123265871088324 -0.0154463416586361 -0.0318400372332751 -0.0333610607385234 -0.0196509054172724 0.00654505805955882 -0.0364777842727805 -0.014150496754101 -0.0243079076912791
"13" 0.00428542877409073 -0.0327788014772025 -0.029901919192044 -0.0201162939361049 -0.0142548386029328 -0.0116507454529313 0.000675593003599198 -0.0309582286603566 -0.0166995774309256 0.108989054511654 0.00617516878012772 -0.0109999280961796 0.608644052754916 -0.0162699428693398 -0.00705942275974222 -0.0197483030294649 -0.0260932257011478 -0.0262327057221742 -0.019956678487699 -0.0256600251104208 -0.0170389580490879 -0.0149097237959901 -0.0245161785106039 -0.00912907442370003 -0.021396098906829 -0.0218879297828143 -0.0108229287846704 -0.0222750402322231 -0.00839751404927717 -0.0140774189431166 -0.0208556589503214 -0.0199459322077725 -0.0229325215400104 -0.00143933754907391 -0.0171138461625193 -0.0157379814945332 -0.0294644907158732 -0.0138411773831248 -0.0233024955104925 -0.013366919451324 -0.00289351188694755 0.0245788260620455 -0.0248238425746704 -0.00711069504768997 -0.00614932957359663 0.0792195273147361 0.000148329650883914 -0.0251984115153413 -0.015780185360979 -0.0292074781188636 -0.0219114038978091 -0.0160460789680629 0.000352674966849824 -0.0291027941270135 -0.0133734877428812 -0.0103422202900168 0.000169107123688763 -0.000304185930913485 0.0223120215290665 -0.0115701233225619 -0.0189634413283732 -0.018539761806319 -0.0314692081969931 0.0468385501992841 0.00323864320829558 0.0591373206953647 -0.00486141883598597 -0.0120555014016726
"14" -0.0160026426349526 -0.0040996540007865 -0.0218862098524428 -0.0116420672043612 -0.00273264729390776 0.0856660364413129 -0.0164305453205283 0.024444284118235 -0.00889139241773985 -0.0133817261704749 -0.0108359831127749 -0.0299918811668998 -0.0162699428693398 0.60501623763265 0.00107273148744189 0.0283003627488316 -0.0111138997922833 -0.00816759172344531 0.0616933973315853 0.0228630670418911 0.0102553258580516 -0.016206618908302 -0.0027516578539703 -0.0245483899755195 -0.016084815535309 -0.00987625598449115 -0.0310783262801474 -0.00945110963229547 -0.014096905614491 -0.0312770281977435 -0.00283319437634769 -0.0182504529993289 0.00633051647111211 0.0181669943096287 -0.00124191214471133 -0.0254764148283004 -0.0170198426738376 0.00339328916337011 -0.0103226025243514 -0.0275481706784833 -0.0305854020081785 -0.0172598859692782 0.00813581811153634 -0.0191082073565107 -0.00459776366220687 -0.0224414976727053 -0.0304624516182599 -0.0429860505016368 -0.0326363372132247 -0.0208453917162223 -0.0222965011815881 -0.0274418816101416 -0.000253658439708261 -0.0197424298499957 0.00658581306745679 -0.0278456957314407 -0.0228476924544008 -0.0328116206692584 -0.017272548504695 0.0034375538057454 -0.0125881767585435 -0.0187667744098603 -0.0124434147180646 -0.024324541599087 -0.0158829573231601 -0.0121889542985306 0.0234964267374637 0.00474204698819585
"15" -0.00921053275424506 -0.0140266694446538 -0.0130861777926483 0.00384304910379603 -0.0120557188048502 0.0333194494637014 0.0372619574385233 0.0170829897373448 -0.00865751288834178 -0.0306982865985518 -0.0140394541468973 -0.0254201354861253 -0.00705942275974222 0.00107273148744189 0.609535026559561 -0.00491499176823207 -0.0198790029704715 -0.0172465050329619 0.00525883106083083 -0.00765286994375699 -0.00387997654778882 -0.0289863735718908 -0.0200259651841152 -0.0200957912920486 -0.00366554235332954 0.00268765560587936 -0.037137942528235 -0.00133129679222897 -0.0185684732959794 -0.0448806397791847 -0.0133278436917812 -0.0281223795458686 0.00305987190988214 -0.0127762105383815 -0.0208146663340732 -0.0245542789096786 -0.000841502641570014 0.0115094344690568 0.00302453912284057 -0.0107695660398515 -0.0148048531203851 0.0402490945024831 -0.000304322041695742 -0.0152293888477983 -0.025225579549656 -0.0323939975181311 -0.0286064393172252 -0.0255798877947339 -0.0135106295728741 0.00160765146848826 -0.00500121240192112 -0.0189666645158278 0.0107661054992478 -0.00996335103855244 0.0154705178802479 -0.0286800399637561 -0.00875197676777614 -0.00813967282630426 -0.0127441582108442 -0.0132309819196554 -0.0309253304371073 -0.0204976733028241 -0.00121399257219289 -0.0127058171616291 -0.0039746592535884 0.000621276862652528 0.0121887989784361 0.0152432715972951
"16" -0.00364618754073789 -0.012252716940128 -0.0244738129305179 0.154765076099683 0.0931576768223917 0.00105504584275882 -0.00145141764865922 0.013061313921236 0.00238727074587053 -0.00885474425701819 0.00247170263998525 -0.0197414917981234 -0.0197483030294649 0.0283003627488316 -0.00491499176823207 0.463024233151311 -0.0304092645522867 -0.0294005883052082 0.136757114700251 -0.0101976020492904 -0.0180442052707937 -0.0325493383635893 -0.0141781976607547 -0.0320008416005211 0.166141230621439 -0.01636213076663 -0.0386436294559494 -0.0142915580307236 -0.023456691086921 -0.0430236038444836 -0.0173281318606419 -0.0286363409087063 -0.0253194575754466 0.00722362280905395 -0.0290101417183461 -0.0352353039781052 -0.023968444302966 -0.00826808452242075 -0.0215240766350591 -0.0206664494345392 -0.0136749028477787 -0.00506422707147782 -0.00114569174149688 0.106865720040887 -0.0189316742219231 -0.0354264768000726 -0.0292834366520057 -0.0234219052555579 0.00609163052807029 -0.0250380575697244 -0.0255118608461545 0.00739582675010622 -0.0281869161012787 -0.0221517404600171 -0.0276908434279662 -0.0360026699663543 -0.0382865691025785 -0.0340305300921086 -0.0137012458559567 -0.00191202946691448 -0.0324164802932341 -0.0258673252883952 -0.0203559297461768 -0.0287154132297246 -0.0286085782781637 -0.0286980527692432 -0.00255307099609828 -0.0252856502312531
"17" 0.0007243397421045 -0.0190715740328826 -0.0135741749600823 -0.0308203960265584 0.0172682234332738 -0.0244807387492977 -0.0268380011405007 -0.00333640496932441 -0.0130023649017217 -0.0196165294388049 -0.0279800428899202 -0.0271559122257025 -0.0260932257011478 -0.0111138997922833 -0.0198790029704715 -0.0304092645522867 0.602988132204239 0.438454446089606 -0.00713200344981877 -0.00584836166390486 0.0357767558552754 -0.0136752557706685 -0.017649329947784 -0.0183614752271251 -0.0249977209331951 -0.00521516411434616 -0.0210821238834451 -0.0145621553422003 -0.0134094926321602 -0.0239890536219355 0.012520002876664 -0.0256365145568565 -0.00663893050428651 -0.0197354534729636 -0.0327637355012346 -0.0189937817487912 -0.028303004263143 0.00461225014133681 -0.0207983751193858 -0.0270318275868069 -0.00921125654417551 -0.0294190779260837 0.021442285344379 -0.0197683806667132 -0.0176936220234253 -0.00603562877467557 -0.0161420721863984 -0.0235597675482265 -0.0224009510584689 -0.00394858644012014 -0.00951743294310509 -0.034402948061738 -0.000323806477996828 -0.0137626834429989 -0.0243829264894238 0.0115774137988891 -0.0149459445615952 -0.0172604911604156 -0.0166027982045244 -0.0121106405864179 -0.014091588950483 -0.0382890744332382 -0.0172306190380763 -0.0284821268502515 -0.0384906483867194 -0.0300867190721578 -0.0109919090381733 -0.00529901153468632
"18" -0.00154174140373506 -0.020308715577326 -0.0118133735907762 -0.0300612091202061 0.0192904350028796 -0.0237013179532663 -0.0265067633584186 -0.000291077885601508 -0.0144898287794648 -0.0199132426637309 -0.027298423257499 -0.0276848436227046 -0.0262327057221742 -0.00816759172344531 -0.0172465050329619 -0.0294005883052082 0.438454446089606 0.579347235207796 -0.00857413538714935 -0.00600066764086474 0.0373527958148834 -0.0126388938448044 -0.015143681409216 -0.0174369841833497 -0.0242604650764541 -0.00286609055835029 -0.0206288786453467 -0.0108649802189422 -0.0148426979500334 -0.0241282750919634 0.0122294101100115 -0.0250808772699051 -0.00540081076766988 -0.0207417689664659 -0.0349437655657466 -0.018664815148476 -0.0275717136230081 0.00368879663009149 -0.0194953351679426 -0.0261711837186319 -0.0108737252024958 -0.0294003678988791 0.0247508628353019 -0.0211415865333016 -0.0161907125687288 -0.00518913608774562 -0.0169538936543474 -0.0226721067528709 -0.0234852300773859 -0.00826459801340646 -0.0116849050926146 -0.0340736125529281 0.000422930915609503 -0.0123776894792284 -0.0264268147364929 0.0133819656980576 -0.0153974041426055 -0.0167395159290168 -0.0173422017576634 -0.0121446667459808 -0.0129971277021267 -0.0385728235394292 -0.015882135134785 -0.0283747692802619 -0.0385086402518405 -0.0300951860886196 -0.0107019480102566 -0.00257181759151921
"19" -0.00335664940611924 -0.0129876813909471 -0.0121175845480896 0.000378030071694467 0.0107971783040877 0.0290658534772061 0.00159097705702196 0.0521098474764916 -0.0155049561063203 -0.0113327907354659 -0.00325280846250285 -0.0158142102950306 -0.019956678487699 0.0616933973315853 0.00525883106083083 0.136757114700251 -0.00713200344981877 -0.00857413538714935 0.553428662770332 -0.00182436949205593 0.00459162757771331 -0.0259392255947442 -0.0110844777839112 -0.0331608241222348 -0.0144448511129857 -0.0150354758685558 -0.0407303640970285 -0.0181199938667188 -0.0153109490494194 -0.0450216799635882 -0.00901581992320083 -0.0223245142728841 0.000237155180164341 0.0119682989351967 -0.0163548306585134 -0.0164880221514801 -0.0173936708692277 0.00295782354678118 -0.0133797722609245 -0.00297973827647555 -0.0191399720978555 -0.0118053762077142 0.00103324459989194 0.0177084769639614 -0.00251723245362943 -0.0302294405214358 -0.0372791549281365 -0.015261268331061 -0.0253268916114446 -0.00727647698197719 -0.0176334097533132 -0.031559125282192 -0.000856295839076286 -0.0119676830814365 0.00399326146158633 -0.0337266959749758 -0.027742423008627 -0.0226617986973249 -0.0149701709972668 -0.02064858045975 -0.0271357282197576 -0.0297218125131873 -0.00708834883627639 -0.0236331591550267 -0.00963325834626403 -0.0158735374900451 0.00245635521863869 -0.0124095290655304
"20" 0.0100266101349184 0.000765820666328585 -0.0144145040381264 -0.00337362240201245 -0.0183429714302078 -0.00212572322530676 0.0184763793804219 0.0218632945281025 -0.0182841328985595 -0.00902538161495083 0.00679822620580068 -0.0227473917024921 -0.0256600251104208 0.0228630670418911 -0.00765286994375699 -0.0101976020492904 -0.00584836166390486 -0.00600066764086474 -0.00182436949205593 0.569665122328545 0.0367706616810927 -0.00405032870219022 -0.00820317764313363 -0.00571312874041055 -0.00861147562107736 -0.0274149129643441 -0.010527202095547 -0.0219505244827654 -0.015616863101751 -0.00319352919621929 -0.0173292998638763 -0.00635211705449217 -0.0111347960054814 -0.00318276438045795 -0.000350890733677166 -0.00517701673308222 -0.00645432608761272 0.00564333080946467 -0.00161010879088196 -0.00644855828643984 -0.0189546648057146 0.00549971763314881 0.0407485401863165 -0.0137821541963214 -0.0100684430084241 0.0121493950742497 -0.0406563310838807 -0.0370723523743288 -0.0197058616269822 -0.00537922835081593 -0.00391284979144033 -0.025844684260735 -0.00137278606033163 -0.0155651470757245 -0.0133297004571432 -0.00504189374357974 -0.0230036595230382 -0.0223056016681292 -0.021719428702706 -0.0251602296811369 -0.0159751935452434 -0.00596998733476373 -0.0236411220252734 -0.0253614301213952 -0.0175895651879024 -0.0270829046133356 -0.0150052768355743 0.00145363203717444
"21" 0.0310167053342435 -0.0144828044552508 -0.00128898023383754 -0.0289956439399322 -0.0074975968737867 0.00584949479033034 -0.0122003608059324 0.0112005502767681 -0.0140892676871582 -0.00324493585162329 0.0234168632702949 -0.0196792610582903 -0.0170389580490879 0.0102553258580516 -0.00387997654778882 -0.0180442052707937 0.0357767558552754 0.0373527958148834 0.00459162757771331 0.0367706616810927 0.586627584003482 -0.0245509465611416 -0.0144718417274799 -0.0275151480666574 -0.0349266104302825 0.0041401948366824 0.00378298963510904 -0.0175827472363927 -0.0267711407145579 -0.00335183543378181 -0.0160695562679918 -0.0369685763014029 -0.0114198464456358 -0.0111823478977066 -0.0185218359127173 -0.0103794019342284 -0.0166220132972664 0.00319074058176478 -0.00484578398074696 -0.0287768705991456 -0.0166800630574439 -0.0256032167348326 0.00462691008495291 -0.0207326011264574 -0.010025898812646 0.0250073549263366 -0.00862325257009149 -0.0112471962456936 -0.00507167092797179 -0.0176527812857108 -0.00877668942704474 -0.0178150384693348 0.00692244347016515 -0.00403934188413684 -0.016306330733012 -0.0248943739200781 -0.00419789038761573 -0.0182698993767624 -0.0176700354782243 -0.0178652966925619 -0.0098296058170727 -0.0145300251567443 -0.0189498205435576 -0.0231519055106123 -0.012088590351062 -0.0260993452518279 -0.00602904994212641 -0.00387312239511451
"22" -0.014095192298525 -0.000595709925219716 -0.0142445530714002 -0.0145238233857471 -0.0166924145003319 -0.0350403303681546 -0.00834493209684357 -0.0301801074130853 -0.0173895007244645 -0.0312390819836769 -0.0167876985443207 -0.0116362699396797 -0.0149097237959901 -0.016206618908302 -0.0289863735718908 -0.0325493383635893 -0.0136752557706685 -0.0126388938448044 -0.0259392255947442 -0.00405032870219022 -0.0245509465611416 0.621050171232282 -0.0191615165939554 0.205598571388675 -0.0250072988767123 -0.0203953597592081 -0.000243861012240395 -0.00461523370976233 0.00974899373205968 0.00606137911961837 0.000445974035424238 0.0091799309067774 -0.00684372539925825 -0.0159608488688185 -0.00708709870708527 0.0191733977276677 -0.0141425284028399 -0.0210064218141262 -0.00119573560539162 -0.0154345791368385 -0.000494003108230126 -0.000306046580594315 -0.0168830311926146 -0.0277792235205031 -0.00299419851576805 -0.016022261600354 -0.0109131097126148 -0.0278353905111823 -0.0332889941009042 -0.0156162769183818 -0.0192388003103742 -0.0162480488265669 0.0233450664639638 -0.0138036689449456 -0.0157075707510441 0.0405307062907134 -0.00593411043971437 0.00084371455723638 -0.0255654972596854 -0.0145055857758914 0.00348254205206694 -0.00472423328571121 -0.0179799452129816 -0.020726870117433 -0.0229380901645481 -0.0133816129278625 -0.0291923999749899 -0.0163984836591699
"23" -0.0145205837981081 -0.00798505541229809 -0.0301026708434675 -0.0129106418609554 -0.0176238284551883 0.00165084174058128 -0.0213012681261318 -0.00227802764139117 -0.00328793476699672 -0.021551222326727 -0.0254122197799238 -0.0269034532721716 -0.0245161785106039 -0.0027516578539703 -0.0200259651841152 -0.0141781976607547 -0.017649329947784 -0.015143681409216 -0.0110844777839112 -0.00820317764313363 -0.0144718417274799 -0.0191615165939554 0.749001456838891 -0.0175143676548251 0.00164408018162713 -0.0206288195705915 -0.0180709553445004 -0.0159822931725224 -0.0159544878898368 -0.0181617488945203 -0.0151695621566071 -0.0272639151407481 -0.000453559490070166 -0.000153658424485326 -0.00201001322731552 -0.0260943895639767 -0.00184304392897629 -0.00799439564588542 -0.00708187106803628 0.0186796191883533 -0.0113520320852143 -0.0116522317825717 -0.0151050883434925 -0.0168157751932571 0.027303301525603 -0.0135845976410662 -0.0152393041537873 -0.0170546098450723 -0.0104269040318335 0.021835425154817 0.0298366893937534 -0.0127405196372217 -0.0180189887709784 -0.031190213785421 0.00669987026433671 -0.03895867371614 -0.00455838011903683 -0.0196869387055951 -0.0214660765349186 -0.000667438655055042 -0.00706509605141536 -0.00359355690510498 0.00440574612134131 -0.0155065375843524 -0.00974194124844989 -0.0109282378686049 -0.0173755569844138 0.00252542763387378
"24" -0.0123423776863768 -0.0120376218219609 -0.0234428526922192 -0.0171830212870698 -0.0232976892324798 -0.0348540056986824 -0.0247280960809171 -0.0299555894794321 -0.0182395447939109 -0.0247987635518384 -0.0216436728655633 -0.0184724744568491 -0.00912907442370003 -0.0245483899755195 -0.0200957912920486 -0.0320008416005211 -0.0183614752271251 -0.0174369841833497 -0.0331608241222348 -0.00571312874041055 -0.0275151480666574 0.205598571388675 -0.0175143676548251 0.758234455575076 -0.0262488379065408 -0.0121125881840396 -0.00263228739078026 -0.00370927140513046 0.00572192902341607 0.00165873692442016 0.0127587618654687 0.0429419790489593 -0.0219233039049519 -0.0176376527128955 -0.00213891417922408 0.0342094714385785 -0.0152309347260275 -0.0281396485549074 -0.016964035158477 -0.0248231897886792 0.00264663687017647 -0.0159837622333308 -0.00974756993985842 -0.0175733643623958 -0.0286875491891689 -0.0125403018705971 -0.0165730612029316 -0.0266448263017163 -0.0282075171144719 -0.0297086037760024 -0.0310040433960932 -0.0237996686481384 0.0305895936613265 -0.0225562057235741 -0.022020435486439 0.0581991431106349 -0.0170178005980046 -0.00121940414826448 -0.0191236199383427 -0.0141549458101822 0.00917002860829423 -0.00683335744975591 -0.0252583529270651 -0.0342600920334764 -0.0304828504272972 -0.0265502704154825 -0.0337924056630396 -0.016017102402177
"25" -0.0192641639058558 -0.0160252298738975 -0.037441468286422 0.24413734383117 0.119437101134842 -0.0203902733017824 -0.00304463282456249 -0.0196461024097235 0.0148195483080586 -0.0205469562484498 0.00260382184031719 -0.0156864370786415 -0.021396098906829 -0.016084815535309 -0.00366554235332954 0.166141230621439 -0.0249977209331951 -0.0242604650764541 -0.0144448511129857 -0.00861147562107736 -0.0349266104302825 -0.0250072988767123 0.00164408018162713 -0.0262488379065408 0.446210063838336 -0.0298189153598765 -0.0341987248864776 -0.00190497806623973 -0.0342186068274462 -0.0360633062207643 -0.0106213365265498 -0.0207961544154432 -0.0185085613509706 -0.0219118967234793 -0.0136562368953535 -0.0384364479554605 0.00404458728369899 -0.0297420537037299 -0.0274540297659215 0.00494003564050178 -0.00102004257147442 -0.000286539859042218 -0.00844360408713014 0.0965203246281 -0.0098168998866417 -0.036687148528451 -0.0257073037800456 -0.0297892887604717 0.00945468702672914 -0.0193506994677424 0.000820114398077541 0.00348154745693999 -0.0234537933576315 -0.0347135845185111 -0.0127114957539915 -0.0248079494899204 -0.0192112232129049 -0.0127864867925753 -0.00676607592422608 0.0292865492829218 -0.0333562197410508 -0.0213258358907639 -0.0113569528242625 -0.0225208812527153 -0.0368419442490521 -0.0272493292084335 -0.0305988898980475 -0.0154654910876764
"26" -0.00478427577520098 0.0144195273816232 0.105611628247855 -0.017967719645187 -0.0118095541495179 0.00201078125169657 -0.00622729731635611 -0.00556385348147695 -0.0140179352490807 0.00340566950895956 -0.00265805561157052 -0.0100114645845647 -0.0218879297828143 -0.00987625598449115 0.00268765560587936 -0.01636213076663 -0.00521516411434616 -0.00286609055835029 -0.0150354758685558 -0.0274149129643441 0.0041401948366824 -0.0203953597592081 -0.0206288195705915 -0.0121125881840396 -0.0298189153598765 0.582210036006651 -0.0268299681071114 -0.0158604453747688 -0.03072054556809 -0.0300433082109491 -0.00968415913488014 -0.0164645834865906 -0.00937331492345234 -0.0066455527389823 -0.00265617240118318 0.00140670938978169 -0.0265016000946767 -0.00454193346403388 5.036982531825e-06 -0.030847498884156 -0.00888735714030095 -0.0250853177460166 -0.0144403166354029 -0.0160758698301013 -0.0349881865131288 -0.00914614522604033 -0.00826704940683501 -0.00979054663214669 -0.0102886469896783 -0.0244668870590914 -0.0280271657760829 -0.0322215276957226 -0.0184757588870525 0.116455695292423 -0.00990735680192209 -0.00622855043789345 8.9088319965366e-06 0.0209286315552175 -0.00526456143024616 -0.0188738332333138 -0.0286932351352362 -0.0308751538659674 -0.00962674487368859 -0.0208293401280148 -0.0143211430930527 -0.0245450228873015 -0.000552986507284186 0.0208557215032652
"27" -0.00728239459946968 -0.0244042780465179 -0.0233674281519776 -0.0331518870147518 -0.0245120549645277 -0.0357136686759575 -0.0350367453834499 -0.017596822161195 -0.0211593241246575 -0.0322376108153996 -0.011104090963789 -0.02581677474379 -0.0108229287846704 -0.0310783262801474 -0.037137942528235 -0.0386436294559494 -0.0210821238834451 -0.0206288786453467 -0.0407303640970285 -0.010527202095547 0.00378298963510904 -0.000243861012240395 -0.0180709553445004 -0.00263228739078026 -0.0341987248864776 -0.0268299681071114 0.534426716961134 0.0338496069772982 -0.0226343099038826 0.368142868585342 -0.0249101672706722 0.00138066921444572 -0.0121058181148437 -0.009548176837253 -0.018306774710627 0.00922923232448499 -0.0373268035177293 -0.0239785570730258 -0.0386120659881085 -0.0112296222322512 -0.00598619557755012 -0.0204459324659946 -0.00900309239264096 -0.0360391649222943 -0.02225689945835 -0.0160948699256454 -0.0148878212147461 -0.0186191610585448 -0.0306102230075268 -0.0224739980930922 -0.031703875664942 -0.0209792510653552 -0.0113937242939156 -0.0228024119061258 -0.0358411373607073 -0.0139331975865882 -0.012311953651344 -0.0215617036635114 -0.0275415794503769 -0.0267348624443929 0.187060099746206 0.269244134895282 -0.0234641116168899 -0.0292580198788705 -0.0336423990255987 -0.0190399760945229 -0.0341184726399321 -0.0321809162799275
"28" -0.0239000342130961 -0.0221178594915912 -0.0356840950744283 -0.0185311825015838 -0.00253400861614342 -0.0157430807653606 -0.0201363395316585 -0.00117421402728129 -0.00566107698896307 -0.0287080236531471 -0.0438252823236831 -0.0409745005080777 -0.0222750402322231 -0.00945110963229547 -0.00133129679222897 -0.0142915580307236 -0.0145621553422003 -0.0108649802189422 -0.0181199938667188 -0.0219505244827654 -0.0175827472363927 -0.00461523370976233 -0.0159822931725224 -0.00370927140513046 -0.00190497806623973 -0.0158604453747688 0.0338496069772982 0.737229110593561 -0.00997406776713873 0.0357765596310926 0.00987684712758492 0.015638281820059 -0.0163071913614499 -0.0106297567116383 -0.0173504093276777 0.0117938377923282 -0.0156385753406511 -0.000506380949946504 -0.00516497570268614 -0.0192086493184518 -0.0205125518874418 -0.00599672075022873 -0.016173486048694 -0.0159279265944698 -0.00442755576168366 -0.0154816681066993 -0.030478165270551 -0.0309491348525518 -0.00806095020656891 -0.0147305252013352 0.00897250915366878 -0.0131092098315463 -0.00617273838450579 -0.0350662074710182 -0.0102770442627944 0.0256889172642617 -0.0152063051660182 -0.0331692684519655 -0.0320676390630539 -0.0050081916804226 0.0283862288891154 0.0724361513329772 -0.0221831488140424 -0.0347430021138043 -0.0345830661994338 -0.0161568442935228 -0.0109133061584156 -0.0181084199676109
"29" -0.0162885466225682 0.000650774618843661 -0.0346455944649433 -0.0157160316122311 -0.021350657857629 -0.0180864177316175 -0.00897101319185397 -0.0172714063438798 -0.0027685537165002 -0.00779982042955471 -0.0185714696962088 -0.032796444176723 -0.00839751404927717 -0.014096905614491 -0.0185684732959794 -0.023456691086921 -0.0134094926321602 -0.0148426979500334 -0.0153109490494194 -0.015616863101751 -0.0267711407145579 0.00974899373205968 -0.0159544878898368 0.00572192902341607 -0.0342186068274462 -0.03072054556809 -0.0226343099038826 -0.00997406776713873 0.610348133553895 -0.0166829618065805 0.0857387941186373 0.100696531127866 -0.00890145811873358 -0.0144175525187848 0.0179687945119247 0.0031270294918358 -0.00515190405235884 0.00806542744805065 -0.00317452474555859 -0.0181251755735092 -0.0144870704274557 -0.0232069772634702 0.00750778715473234 -0.0117511981415268 0.0135528089724966 -0.0269592560228086 -0.0142703667390297 -0.0240875680168176 -0.0163754770640604 -0.0223928245884021 -0.0229683716467996 -0.0154354540227503 -0.0158436573375112 -0.0357071000323942 -0.0136553186676877 0.112592752268456 -0.0162305247842951 -0.0337154668913421 -0.0215854537433009 -0.00702247288193869 -0.00880113348108418 -0.0203218591848389 -0.0177714418510701 -0.0179096531534339 -0.0117019389495036 -0.0171062713267352 0.00486101653001982 -0.0290855870961652
